3 41 128 183 
4 140 265 275 276 
1 114 
5 129 131 184 254 270 
5 88 116 144 191 197 
2 50 139 
0 
6 38 109 145 164 214 216 
2 195 228 
5 103 141 189 239 246 
1 235 
1 111 
1 120 
6 64 77 165 187 202 292 
3 99 171 208 
3 24 123 151 
1 241 
0 
2 72 166 
1 291 
5 85 95 105 185 237 
4 63 76 186 206 
2 46 255 
5 15 87 213 230 264 
5 54 61 221 262 293 
5 55 169 225 269 299 
5 65 113 118 174 205 
0 
4 106 193 226 260 
6 29 42 91 96 167 222 
2 22 52 
2 19 271 
4 92 170 272 289 
5 13 56 102 146 158 
4 32 204 258 286 
4 112 178 232 253 
6 6 157 161 192 250 290 
0 
1 143 
7 4 9 12 17 73 136 211 
2 40 71 
3 18 130 296 
1 256 
0 
6 25 74 175 218 259 273 
0 
3 51 59 97 
1 20 
4 53 219 233 268 
2 159 177 
3 10 36 134 
2 34 138 
4 5 98 126 203 
7 26 37 84 90 209 210 274 
3 135 277 295 
3 68 147 266 
4 80 190 248 279 
4 35 45 60 176 
2 57 153 
3 217 223 284 
1 212 
2 154 298 
3 125 196 244 
2 224 247 
1 194 
2 75 282 
2 67 107 
1 108 
4 122 215 234 280 
3 30 100 227 
4 7 48 66 267 
5 33 200 207 283 288 
5 39 121 149 168 263 
1 201 
2 2 115 
1 148 
5 47 117 172 243 294 
2 124 238 
2 16 240 
4 127 156 173 220 
3 58 188 229 
1 31 
2 137 242 
3 1 81 287 
1 8 
2 43 199 
3 93 104 285 
3 49 79 150 
4 82 89 251 278 
4 21 69 83 155 
4 0 101 181 249 
3 11 78 152 
3 62 182 297 
2 245 281 
5 23 110 133 163 236 
1 119 
3 94 179 198 
3 3 86 132 
5 44 70 142 180 231 
8 14 27 28 160 162 252 257 261 
